name: rpi-pico
channels:
- conda-forge
dependencies:
- asttokens=2.4.1=pyhd8ed1ab_0
- bzip2=1.0.8=hcfcfb64_5
- ca-certificates=2024.2.2=h56e8100_0
- colorama=0.4.6=pyhd8ed1ab_0
- comm=0.2.2=pyhd8ed1ab_0
- debugpy=1.8.1=py310h00ffb61_0
- decorator=5.1.1=pyhd8ed1ab_0
- exceptiongroup=1.2.0=pyhd8ed1ab_2
- executing=2.0.1=pyhd8ed1ab_0
- importlib-metadata=7.1.0=pyha770c72_0
- importlib_metadata=7.1.0=hd8ed1ab_0
- ipykernel=6.29.3=pyha63f2e9_0
- ipython=8.24.0=pyh7428d3b_0
- jedi=0.19.1=pyhd8ed1ab_0
- jupyter_client=8.6.1=pyhd8ed1ab_0
- jupyter_core=5.7.2=py310h5588dad_0
- krb5=1.21.2=heb0366b_0
- libffi=3.4.2=h8ffe710_5
- libsodium=1.0.18=h8d14728_1
- libsqlite=3.45.3=hcfcfb64_0
- libzlib=1.2.13=hcfcfb64_5
- matplotlib-inline=0.1.7=pyhd8ed1ab_0
- nest-asyncio=1.6.0=pyhd8ed1ab_0
- openssl=3.3.0=hcfcfb64_0
- packaging=24.0=pyhd8ed1ab_0
- parso=0.8.4=pyhd8ed1ab_0
- pickleshare=0.7.5=py_1003
- pip=24.0=pyhd8ed1ab_0
- platformdirs=4.2.2=pyhd8ed1ab_0
- prompt-toolkit=3.0.42=pyha770c72_0
- psutil=5.9.8=py310h8d17308_0
- pure_eval=0.2.2=pyhd8ed1ab_0
- pygments=2.18.0=pyhd8ed1ab_0
- python=3.10.14=h4de0772_0_cpython
- python-dateutil=2.9.0=pyhd8ed1ab_0
- python_abi=3.10=4_cp310
- pywin32=306=py310h00ffb61_2
- pyzmq=26.0.3=py310h656833d_0
- setuptools=69.5.1=pyhd8ed1ab_0
- six=1.16.0=pyh6c4a22f_0
- stack_data=0.6.2=pyhd8ed1ab_0
- tk=8.6.13=h5226925_1
- tornado=6.4=py310h8d17308_0
- traitlets=5.14.3=pyhd8ed1ab_0
- typing_extensions=4.11.0=pyha770c72_0
- tzdata=2024a=h0c530f3_0
- ucrt=10.0.22621.0=h57928b3_0
- vc=14.3=ha32ba9b_20
- vc14_runtime=14.38.33135=h835141b_20
- vs2015_runtime=14.38.33135=h22015db_20
- wcwidth=0.2.13=pyhd8ed1ab_0
- wheel=0.43.0=pyhd8ed1ab_1
- xz=5.2.6=h8d14728_0
- zeromq=4.3.5=he1f189c_4
- zipp=3.17.0=pyhd8ed1ab_0
- pip:
  - -r rpi-pico_pip-env.req
